Number count is: 43
0.3979052651155608
0.24615498605952524
0.6648180901451377
0.37159171688595993
0.6847671505604975
0.6092808574598276
0.09495411456448244
0.8566198113064455
0.6896950203690821
0.8195425006645682
0.5444820149917166
0.9939771510620666
0.12985201692148352
0.7025685951106828
0.674660204784264
0.5128385658464452
0.529981223790244
0.5482176764858887
0.004822118608682202
0.8948081887381956
0.7933162536506422
0.5248346024301733
0.34340431541431016
0.0011414922359725965
0.18563601797903861
0.12256456305028252
0.6572193023079577
0.6224115906631988
0.633494978172113
0.8746564054237879
0.7824460462229654
0.20589937506424405
0.6566059546151651
0.09494513434479024
0.2528816398699434
0.0833700655163312
0.8295472896061441
0.2652109676844572
0.04931709758890945
0.4955309468592878
0.3994122060895622
0.007870247383041429
0.2584717705268099
